ShortName	Unit_ID	PlantID	max	lonAdj	ladAdj
SLVRLKHY	386487	78046	5.49	-105.6875	40.0625
BETASSOH	386508	73149	4.23	-105.3125	40.0625
CHANDLER	386742	73602	137.3	-119.4375	46.3125
CRYSTAL	386743	73889	45.31	-107.5625	38.4375
FONTENEL	386744	74396	48.27	-110.1875	42.0625
POLEHILL	386745	76661	7.49	-105.3125	40.4375
GREENMOU	386746	74714	14.79	-106.3125	39.9375
TRINITY	386747	77564	59.43	-122.8125	40.6875
THRML_HY	386765	77646	178.9	-121.6875	39.4375
DALLESFI	386806	77652	4480.83	-121.1875	45.5625
SANDIMAS	386838	78217	7.82	-117.9375	34.1875
LAKEMATH	386839	75406	18.72	-117.5625	33.9375
DROP5	386861	74085	5.32	-115.6875	32.8125
UPPERMAL	386862	77441	300.14	-114.9375	42.8125
LOWERNO2	386864	75601	230.02	-112.0625	43.5625
NARROWS2	386914	76087	107.37	-121.1875	39.3125
UPPERDAW	386937	77445	69.13	-120.4375	37.6875
UPPERGOR	386955	77443	7.79	-118.5625	37.4375
SANFERNA	386956	78215	7.49	-118.4375	34.1875
LOWERMAL	386973	75595	300.14	-114.9375	42.8125
CLRLAKHY	386974	73706	276.54	-114.8125	42.6875
ALAMO(CA	387039	72797	5.89	-118.6875	34.4375
HEARTMOU	387045	74869	53.68	-109.0625	44.5625
DRCRKUT	387046	73959	13.1	-111.5625	40.3125
FREMONTC	387049	74473	79.01	-106.8125	42.4375
FLATI_HY	387051	74376	9.08	-105.1875	40.4375
PARKERDA	387052	76477	698.67	-114.1875	34.1875
LONGLAKE	387081	75554	214.78	-117.9375	47.8125
NOXONRAP	387082	76261	568.91	-115.8125	47.9375
MURPHYS	387090	76023	53.99	-120.4375	38.0625
GREENPET	387097	74716	75.11	-122.5625	44.4375
BONNEVIL	387098	73269	4674.69	-122.0625	45.5625
JONESFOR	387137	75200	20.46	-120.4375	38.8125
PLEASANT	387152	76645	7.79	-118.5625	37.4375
MIDDLEGO	387153	75840	7.79	-118.5625	37.4375
CONTROLG	387154	73803	7.79	-118.5625	37.4375
LOGANHYD	387156	75032	18.52	-111.8125	41.6875
OXBOW(OR	387169	76387	632.58	-116.8125	45.0625
UPPRSAMA	387171	77437	300.14	-114.9375	42.8125
TWINFAID	387172	77529	262.15	-114.4375	42.5625
LEABURG	387202	75457	130.6	-122.8125	44.0625
ALBENIFA	387262	72803	665.59	-117.0625	48.1875
TULERIVE	387286	77548	4.6	-118.8125	36.0625
LUNDY	387287	75617	3.38	-119.1875	37.9375
EASTHIGH	387307	74142	1.57	-115.5625	32.6875
BLISS	387309	73228	300.72	-115.1875	42.9375
BOULDER(	387328	73283	0.63	-111.3125	37.8125
YELM	387358	77000	62.44	-122.5625	46.9375
MOJAVESI	387362	75938	3.98	-117.3125	34.4375
ALCOVA	387372	72809	79.34	-106.6875	42.5625
FLAMINGG	387373	74373	79.02	-109.3125	40.9375
GUERNSEY	387374	74746	97.9	-104.6875	42.1875
DAVISDAM	387376	73943	686.6	-114.5625	35.3125
COLEMAN(	387393	73751	358.32	-122.1875	40.3125
CHILIBAR	387394	73658	32.78	-120.9375	38.8125
BUTTVALL	387395	73414	58.07	-121.1875	40.0625
BEARDSCA	387403	73083	31.48	-120.1875	38.1875
PERRIS	387432	76539	2.71	-117.1875	33.8125
SANFRAN2	387441	78213	2.38	-118.4375	34.4375
FTHILLCA	387445	74402	4.32	-118.3125	34.3125
BIGPINE(	387447	73174	14.53	-118.3125	37.1875
PILOTKNO	387461	76581	0.72	-115.1875	33.0625
UPPRSAMB	387462	77436	300.14	-114.9375	42.8125
THOUSAND	387463	77629	300.14	-114.9375	42.8125
NAVAJODA	387480	76093	42.36	-107.6875	36.8125
STONECRE	387481	77799	22.47	-121.9375	45.0625
CAMANCHE	387495	73486	41.01	-120.9375	38.1875
PARDEE	387496	76463	41.01	-120.9375	38.1875
WEWARNE	387520	77342	0.85	-118.8125	34.5625
ROZA	387523	78309	77	-120.4375	46.6875
SHOSHOWY	387525	78064	53.68	-109.0625	44.5625
GLENDO	387526	74615	90.66	-104.9375	42.4375
MRRWPTHY	387527	75985	48.86	-107.4375	38.4375
BLUEMESA	387528	73247	48.86	-107.4375	38.4375
COLLIERV	387543	73756	45.98	-120.3125	38.1875
GTWAYHY	387583	74550	31.24	-111.9375	41.1875
FOSTER	387598	74435	78.55	-122.6875	44.4375
LOSTCREE	387599	75569	59.95	-122.6875	42.6875
LITTLEGO	387600	75519	1440.58	-118.0625	46.5625
JOHNDAY	387604	75182	4337.54	-120.8125	45.6875
DEXTER(O	387605	74001	107.63	-122.8125	43.9375
DONPEDRO	387608	74055	69.13	-120.4375	37.6875
POOLE	387634	76671	3.38	-119.1875	37.9375
KAWEAH1	387635	75248	9.11	-118.8125	36.4375
BISHCRK4	387636	73202	7.79	-118.5625	37.4375
WASHOE	387647	77264	20.93	-119.9375	39.5625
FLEISH	387652	74377	20.93	-119.9375	39.5625
MOCCAS	387658	75924	67.45	-120.3125	37.8125
PELTON	387671	76520	119.52	-121.1875	44.8125
TULLOCH	387676	77546	56.88	-120.6875	37.8125
FORBESTO	387680	74405	82	-121.3125	39.5625
EASTSIDE	387683	74151	76.81	-121.8125	42.3125
NEWCASTL	387685	76157	79.05	-121.0625	38.8125
WESTPOIN	387687	77179	28.32	-120.5625	38.4375
SPRINGGA	387688	77894	31.48	-120.1875	38.1875
PHP1(BUL	387700	76406	4687.88	-122.1875	45.5625
POWERDAL	387708	76723	4583.8	-121.5625	45.6875
MCSWAIN	387711	75774	45.33	-120.3125	37.5625
KAWEAH3	387726	75250	3.25	-118.6875	36.5625
BISHCRK3	387727	73201	7.79	-118.5625	37.4375
BIGCRK8	387728	73167	65.46	-119.4375	37.1875
BIGCRK4	387729	73166	67.55	-119.5625	37.0625
YORBALIN	387745	76998	40.5	-117.9375	33.8125
SEPULVED	387746	78119	391	-118.4375	33.9375
MERCEDFA	387783	75802	45.33	-120.3125	37.5625
HALSEY	387784	74783	76.91	-121.0625	38.9375
BELDEN	387785	73105	70.66	-121.3125	39.9375
AZUSA	387792	72990	7.82	-117.9375	34.1875
OLMSTEAD	387794	76326	13.84	-111.6875	40.3125
CUTLER(U	387795	73904	73.02	-111.9375	41.8125
ORPROSP2	387798	76754	47.29	-122.5625	42.6875
FISHCREE	387799	74357	30.98	-122.4375	43.3125
CLRWTR2	387800	73709	30.98	-122.4375	43.3125
BOXCANYO	387803	73298	690.25	-117.4375	48.8125
AGWISHON	393132	72709	67.55	-119.5625	37.0625
ABIQUIUD	393217	72764	14.09	-106.3125	36.1875
ALDER	393287	72810	56	-122.3125	46.8125
AMERICAN	393401	72873	265.82	-112.8125	42.8125
AMESHYDR	393408	72880	2.7	-107.8125	37.8125
ANDRSNHY	393433	72892	24.36	-115.5625	43.4375
ASHTON	393529	72950	49.1	-111.5625	44.0625
BALCH1	393613	73014	55.05	-119.1875	36.8125
BALCH2	393614	73015	55.05	-119.1875	36.8125
BIGCLIFF	393875	73161	70.88	-122.3125	44.6875
BIGCRK1	393876	73162	58.21	-119.3125	37.1875
BIGCRK2	393880	73163	58.21	-119.3125	37.1875
BIGCRK2A	393884	73164	58.21	-119.3125	37.1875
BIGCRK3	393886	73165	65.46	-119.4375	37.1875
BIGFORK	393901	73171	271.47	-114.0625	47.9375
BIGTHOMP	393917	73182	9.08	-105.1875	40.4375
BISHCRK2	393943	73200	1.97	-118.6875	37.1875
BISHCRK5	393952	73203	7.79	-118.5625	37.4375
BLACKBUT	393954	73207	23.27	-122.3125	39.9375
BLACKCAN	393955	73208	101	-116.5625	43.8125
BLACKEAG	393958	73210	295.06	-111.3125	47.4375
BOREL	394114	73278	21.94	-118.5625	35.5625
BOUNDAHY	394124	73289	717.86	-117.4375	49.0625
BOWMAN	394141	73297	20.93	-120.6875	39.3125
BOYSEN	394150	73303	53.51	-108.1875	43.4375
BROWNLEE	394230	73356	631.85	-116.8125	44.9375
BUCKSCRE	394291	73383	70.66	-121.3125	39.9375
BUFFALOB	394295	73386	53.68	-109.0625	44.5625
CJSTRIKE	394402	73427	320.91	-115.9375	42.9375
CABINETG	394433	73454	584.97	-116.0625	48.0625
CAMINO	394481	73495	24.12	-120.5625	38.8125
CAMPFARW	394483	73496	11.35	-121.3125	39.0625
CANYONFE	394498	73507	230.2	-111.8125	46.6875
CARIBOU1	394527	73520	58.07	-121.1875	40.0625
CARIBOU2	394530	73521	58.07	-121.1875	40.0625
CARMENSM	394538	73523	28.05	-122.0625	44.3125
CASCADID	394606	73541	6.71	-115.6875	44.3125
CASTA_HY	394617	73547	0.66	-118.6875	34.5625
CDRFALHY	394640	73563	49.54	-121.6875	47.4375
CENTERVI	394666	73580	25.26	-121.6875	39.8125
CHELAN	394759	73623	2458.93	-120.0625	47.8125
CHICAGOP	394813	73648	31.6	-120.9375	39.0625
CHIEFJOS	394821	73654	2317.27	-119.6875	48.0625
CITYPOWE	394885	73679	230.02	-112.0625	43.5625
CLRWTR1	394925	73708	30.98	-122.4375	43.3125
COCHRANE	394973	73732	301.62	-111.0625	47.5625
COLGATE	395017	73755	107.37	-121.1875	39.3125
CONDIT	395079	73792	4583.8	-121.5625	45.6875
COPCO1	395126	73817	84.43	-122.4375	41.9375
COPCO2	395128	73818	84.43	-122.4375	41.9375
CORONA	395160	73832	30.19	-117.6875	33.8125
CTTNWDHY	395182	73845	0.42	-118.0625	36.4375
COUGAR	395185	73846	106.43	-122.3125	44.1875
COVEHYDR	395200	73853	63.54	-121.5625	40.9375
COWLITZF	395212	73859	122.99	-122.1875	46.4375
COYOTECR	395215	73862	40.5	-117.9375	33.8125
CRESTA	395228	73873	73.41	-121.4375	39.8125
CROSSCUT	395248	73881	75.03	-112.1875	33.3125
CUSHMAN1	395302	73901	17673.9	-123.1875	47.3125
CUSHMAN2	395304	73902	17673.9	-123.1875	47.3125
DESABLA	395400	73949	25.26	-121.6875	39.8125
DRCRKCA	395418	73958	31.05	-120.9375	39.3125
DETROIT	395493	73996	70.88	-122.3125	44.6875
DEVILCAN	395495	73998	4.15	-117.4375	34.1875
DIABLO	395509	74002	95.07	-121.1875	48.6875
DIAMONDV	395517	74005	1.73	-117.1875	33.6875
DIONRHOL	395563	74033	27.18	-119.8125	37.9375
DONNELLS	395599	74057	28.13	-120.0625	38.1875
DROP1	395638	74079	1.09	-115.4375	32.8125
DROP2(CA	395639	74080	1.09	-115.4375	32.8125
DROP3(CA	395641	74082	1.09	-115.4375	32.8125
DROP4	395645	74084	1.09	-115.4375	32.8125
DRUM1	395647	74086	26.39	-120.8125	39.3125
DRUM2	395651	74087	26.39	-120.8125	39.3125
DTCHFLA1	395673	74108	31.05	-120.9375	39.3125
DTCHFLA2	395674	74109	31.05	-120.9375	39.3125
DWORSHAK	395689	74113	368.58	-116.3125	46.4375
EGLPTHY	395711	74130	11.74	-122.6875	42.5625
ECHODAM	395777	74170	8.62	-111.4375	40.9375
EDWAR_HY	395872	74181	175.49	-121.5625	39.5625
ELDRDOHY	395898	74191	27.77	-120.6875	38.8125
ELVADODA	395901	74193	11.25	-106.6875	36.5625
ELECTRA(	395902	74197	40.02	-120.6875	38.3125
ELECTRON	395913	74201	14.05	-121.9375	46.9375
ELEPHANT	395917	74202	80.79	-107.3125	33.0625
ESTES	396056	74274	7.04	-105.4375	40.4375
ETIWANDA	396065	74277	4.15	-117.4375	34.1875
FALLCREE	396124	74313	98.12	-122.5625	41.8125
FALLSCRE	396144	74323	70.79	-122.4375	44.4375
FARADAY	396152	74327	90.74	-122.4375	45.3125
FOLSOM	396248	74391	117.92	-121.1875	38.6875
FORKSOFB	396276	74412	25.26	-121.6875	39.8125
FTPECKW	396307	74430	425.16	-106.3125	48.0625
FRANKENH	396344	74449	56.88	-120.6875	37.8125
FRENCHME	396406	74477	11.87	-120.4375	39.0625
FRIANTHY	396415	74480	63.43	-119.6875	37.0625
GEMSTATE	396546	74559	229.23	-112.0625	43.4375
GLENCANY	396634	74607	628.55	-111.5625	36.8125
GORGE(WA	396724	74653	109.44	-121.3125	48.6875
GRACE(ID	396739	74663	42.86	-111.8125	42.5625
GRAND_HY	396784	74672	2216.18	-119.0625	48.0625
GREENSPR	396905	74720	1.16	-122.4375	42.1875
GRIZZLY	396935	74738	73.41	-121.4375	39.8125
HMJACKSO	396969	74759	19.02	-121.6875	48.0625
HAAS	396979	74766	11.76	-119.0625	36.9375
HAIWEE	396992	74774	1.84	-118.0625	36.0625
HAMILTON	397016	74788	23.81	-121.0625	40.1875
HATCRK1	397101	74841	63.54	-121.5625	40.9375
HATCRK2	397102	74842	63.54	-121.5625	40.9375
HATCHETC	397105	74844	77.5	-121.9375	40.9375
HAUSER	397106	74847	234.42	-111.9375	46.8125
HAYPRSL	397127	74859	12.24	-120.5625	39.6875
HAYPRSM	397128	737261	12.24	-120.5625	39.6875
HEADGATE	397131	74864	698.67	-114.1875	34.1875
HELLSCAN	397150	74882	635.34	-116.6875	45.3125
HILLSCRE	397278	74938	45.76	-122.4375	43.6875
HOLTER	397331	74967	248.73	-111.9375	47.0625
HOOVER(N	397370	74981	713.48	-114.6875	36.0625
HOOVER(A	397375	74982	713.48	-114.6875	36.0625
HORSE_HY	397392	74990	24.6	-111.4375	33.5625
HRSSHBND	397396	74991	93.34	-116.1875	43.9375
HUNGRYHO	397428	75015	229.14	-114.0625	48.4375
HYDROPLA	397460	75037	2.38	-111.5625	39.4375
ICEHARBO	397496	75053	1488.38	-118.9375	46.1875
INSKIP	397555	75090	20.84	-122.0625	40.4375
IRONGATE	397608	75103	84.43	-122.4375	41.9375
ISABELLA	397609	75107	21.94	-118.5625	35.5625
ISLANDPA	397611	75110	13.11	-111.4375	44.3125
JAMESBBL	397677	75149	77.5	-121.9375	40.9375
JAYBIRD	397696	75159	24.12	-120.5625	38.8125
JOHNCBOY	397731	75181	77.6	-122.0625	42.0625
JUDGEFCA	397791	75206	29.75	-122.5625	40.5625
KEKAWAKA	397888	75254	144.42	-123.5625	40.0625
KELLYRID	397889	75255	175.49	-121.5625	39.5625
KERCKOF1	397933	75278	67.55	-119.5625	37.0625
KERCKOF2	397936	75279	67.55	-119.5625	37.0625
KERNCANY	397937	75282	5.63	-118.9375	35.1875
KRNRVR1	397940	75284	21.18	-118.9375	35.4375
KRNRVR3	397945	75285	20.98	-118.4375	35.6875
KERR	397949	75288	271.81	-114.3125	47.5625
KESWICK	397954	75290	238.01	-122.4375	40.5625
KILARC	397987	75308	12.02	-121.9375	40.6875
KINGSRIV	398029	75324	55.05	-119.1875	36.8125
KOMAKULS	398069	75354	362.72	-121.8125	48.5625
KORTES	398071	75355	74.3	-106.9375	42.1875
LAGRANGE	398106	75374	69.13	-120.4375	37.6875
LAGRANDE	398130	75382	56	-122.3125	46.8125
LEMOLO1	398280	75469	19.43	-122.3125	43.3125
LEMOLO2	398281	75470	30.98	-122.4375	43.3125
LIBBY(US	398310	75482	230.96	-115.4375	48.3125
LITTLECO	398377	75515	7.5	-111.8125	40.5625
LITTLEFA	398385	75517	214.78	-117.9375	47.8125
LOOKOUTP	398480	75560	107.63	-122.8125	43.9375
LOONLAKE	398484	75562	11.87	-120.4375	39.0625
LOWERBAK	398521	75589	362.72	-121.8125	48.5625
LOWERGRA	398522	75593	1438.19	-117.4375	46.6875
LOWERMOL	398530	75597	8.75	-107.9375	39.1875
LOWERMON	398531	75598	1489.7	-118.4375	46.5625
LOWERNO1	398537	75600	230.02	-112.0625	43.5625
LOWERSAL	398540	75603	300.14	-114.9375	42.8125
LUCKYPEA	398551	75611	68.92	-115.9375	43.5625
MADISON(	398651	75661	71.9	-111.5625	45.5625
MAMMOTHP	398693	75679	65.46	-119.4375	37.1875
MANITOU	398708	75686	1.56	-105.0625	38.8125
MARYSLAK	398787	75738	7.04	-105.4375	40.4375
MAYFIELD	398798	75746	163.05	-122.6875	46.4375
MCNARY	398842	75768	4262.5	-119.3125	45.9375
MIDDLEFO	399011	75838	28.28	-120.6875	38.9375
MLCKHY	399048	75861	9.6	-117.1875	34.0625
MILNERHY	399071	75872	257.81	-113.9375	42.5625
MOCCASLH	399136	75925	67.45	-120.3125	37.8125
MNTCKHY	399209	75960	20.06	-122.0625	40.5625
MONTICEL	399213	75963	22.74	-122.0625	38.4375
MORMO_HY	399246	75979	24.6	-111.4375	33.5625
MORONY	399248	75980	302.19	-110.9375	47.6875
MOSSYROC	399289	75994	147.08	-122.4375	46.5625
MOYIESPR	399314	76007	324.44	-116.1875	48.6875
MUCKVALL	399322	76014	20.9	-121.1875	40.9375
MYSTICLA	399365	76032	3.25	-109.6875	45.3125
NACIMIEN	399406	76074	20.48	-120.9375	35.9375
NARROWS(	399439	76085	116.72	-121.3125	39.1875
NEWHOGAN	399564	76133	41.01	-120.9375	38.1875
NEWMELON	399574	76139	54.84	-120.5625	37.9375
NEWHALEM	399620	76159	109.44	-121.3125	48.6875
NIMBUS	399661	76182	118.91	-121.3125	38.5625
NINEMILE	399664	76185	213.27	-117.5625	47.8125
NFORKOR	399695	76217	87.58	-122.3125	45.3125
NFORKCO	399696	76218	4.76	-105.5625	39.4375
OKGRVHY	399826	76277	40.92	-122.0625	45.0625
OLSEN	399952	76328	185.14	-122.3125	40.8125
ONEIDA	399962	76331	45.36	-111.6875	42.3125
OXBOW(CA	400143	76388	41.45	-120.8125	38.9375
PECHEADW	400174	76404	10.72	-119.3125	46.9375
PHP2(BUL	400175	76407	4687.88	-122.1875	45.5625
PACKWOOD	400200	76429	43.51	-121.6875	46.5625
PALISACO	400211	76439	134.93	-108.3125	39.1875
PALISAID	400215	76441	169.9	-111.3125	43.4375
PARKER(C	400272	76476	4.21	-120.1875	37.3125
PELTONRE	400375	76521	119.52	-121.1875	44.8125
PINEFLAT	400524	76589	59.62	-119.4375	36.8125
PIONEER	400554	76606	31.24	-111.9375	41.1875
PIT1	400564	76611	63.54	-121.5625	40.9375
PIT3	400566	76612	74.14	-121.8125	40.9375
PIT4	400570	76613	77.5	-121.9375	40.9375
PIT5	400571	76614	77.5	-121.9375	40.9375
PIT6	400575	76615	90.81	-122.0625	40.8125
PIT7	400577	76616	90.81	-122.0625	40.8125
POE	400645	76655	74.82	-121.4375	39.6875
PORTAL	400748	76696	43.58	-119.1875	37.4375
POSTFALL	400756	76703	185.72	-117.0625	47.6875
POTTERVA	400783	76713	35.99	-123.1875	39.4375
PRIESTRA	400864	76743	2573.67	-119.9375	46.6875
ORPROSP1	400894	76753	47.29	-122.5625	42.6875
ORPROSP3	400896	76755	18.54	-122.4375	42.6875
QUINCYCH	400953	76785	0.56	-119.8125	47.1875
RCKIRKWO	400964	76792	27.18	-119.8125	37.9375
RAINBOW(	400976	76805	295.06	-111.3125	47.4375
RALSTON	400987	76810	41.45	-120.8125	38.9375
REDMOUNT	401058	76837	2.83	-117.3125	33.3125
RIOBRAVO	401161	76900	19.54	-119.1875	35.3125
RIVERMIL	401181	76911	90.74	-122.4375	45.3125
ROBBSPEA	401207	76935	20.46	-120.4375	38.8125
ROCKCRK	401230	76950	73.41	-121.4375	39.8125
ROCKCRKL	401234	76954	30.61	-120.8125	38.8125
ROCKISLA	401236	76955	2559.74	-120.0625	47.3125
ROCKYREA	401295	76975	2558.41	-120.3125	47.4375
YELLOWTA	401347	77001	164.32	-107.9375	45.3125
YALE	401370	77013	117.58	-122.4375	45.9375
WYNOOCHE	401376	77017	41.69	-123.6875	47.0625
WOODWARD	401404	77036	56.09	-120.8125	37.8125
WOODLEAF	401412	77040	82	-121.3125	39.5625
WISE	401449	77058	79.05	-121.0625	38.8125
WLLMSFHY	401535	77098	25.21	-106.3125	40.0625
WHITERCA	401580	77127	30.61	-120.8125	38.8125
WHISKEYT	401594	77137	274.19	-122.3125	40.4375
WELLS(WA	401733	77217	2394.65	-119.9375	47.9375
WEBER	401760	77228	31.24	-111.9375	41.1875
WANAPUM	401893	77298	2573.53	-119.9375	46.8125
WALTERVI	401908	77300	299.82	-122.9375	44.0625
VOLTA1	401993	77349	19.03	-121.9375	40.4375
VERDI	402065	77386	20.93	-119.9375	39.5625
VENICE(C	402068	77388	391	-118.4375	33.9375
VALLEYVI	402119	77404	40.5	-117.9375	33.8125
VALLECIT	402123	77408	12.26	-107.6875	37.3125
UPPERPOW	402165	77439	230.02	-112.0625	43.5625
UPPERMOL	402166	77440	8.75	-107.9375	39.1875
UPPERFAL	402167	77444	196.79	-117.4375	47.6875
UPPERBEA	402168	77446	2.28	-112.6875	38.3125
UPPERBAK	402170	77448	362.72	-121.8125	48.5625
UNIONVAL	402238	77487	24.12	-120.5625	38.8125
TWINFAWA	402284	77527	79.28	-121.8125	47.5625
TURLOCKL	402320	77540	69.45	-120.6875	37.6875
TULE	402342	77549	4.6	-118.8125	36.0625
TOWAOC	402433	77588	10.66	-108.5625	37.5625
TOKETEE	402454	77607	30.98	-122.4375	43.3125
TIGERCRE	402484	77621	28.32	-120.5625	38.4375
THOMPSON	402510	77637	545.31	-115.4375	47.6875
THRMLTOD	402536	77645	178.9	-121.6875	39.4375
DALLES(T	402572	77653	4480.83	-121.1875	45.5625
TESLA	402587	77663	0.36	-104.8125	38.9375
TERMINUS	402590	77666	17.5	-119.0625	36.3125
TEMESCAL	402601	77680	30.19	-117.6875	33.8125
TACOMA	402658	77713	22	-107.8125	37.4375
SWIFT2	402683	77737	111.5	-122.3125	45.9375
SWIFT1	402684	77738	111.5	-122.3125	45.9375
SULLIVAN	402737	77772	87.58	-122.3125	45.3125
SUGARLOA	402747	77774	7.9	-106.3125	39.1875
STONYGOR	402777	77795	9.69	-122.4375	39.6875
STEWARTM	402816	77815	24.6	-111.4375	33.5625
STANISLA	402882	77852	45.98	-120.3125	38.1875
STAMPEDE	402889	77855	19.77	-120.0625	39.4375
SPRGCKHY	402973	77896	238.01	-122.4375	40.5625
SPRTMTHY	402977	77901	53.68	-109.0625	44.5625
SPAULD3	402988	77911	20.93	-120.6875	39.3125
SPAULD2	402989	77912	20.93	-120.6875	39.3125
SPAULD1	402990	77913	20.93	-120.6875	39.3125
SPANISHF	403002	77917	15.94	-111.6875	40.1875
SOUTHFOR	403076	77959	19.2	-121.4375	47.4375
SOUTH(CA	403097	77972	19.03	-121.9375	40.4375
SODASPRI	403119	77989	37.77	-122.5625	43.3125
SODA	403130	77993	42.86	-111.8125	42.5625
SNWQLM2	403135	77995	84.31	-121.9375	47.5625
SNWQLM1	403137	77996	84.31	-121.9375	47.5625
SMITHFAL	403176	78010	343.14	-116.5625	48.9375
SLYCREEK	403186	78019	38.27	-121.0625	39.5625
SLIDECRE	403191	78022	37.77	-122.5625	43.3125
SLATECRE	403197	78024	185.14	-122.3125	40.8125
SHOSHOID	403250	78063	262.15	-114.4375	42.5625
SHOSHOCO	403252	78065	107.12	-107.3125	39.5625
SHASTA(B	403325	78102	358.32	-122.1875	40.3125
SEMINOE	403371	78126	74.3	-106.9375	42.1875
SANTAAN3	403474	78184	9.6	-117.1875	34.0625
SANTAAN1	403477	78186	4.24	-117.0625	34.0625
SANDBARP	403485	78192	31.48	-120.1875	38.1875
SANJOAQ3	403500	78202	66.47	-119.5625	37.1875
SANJOAQ2	403501	78203	66.47	-119.5625	37.1875
SANGABRI	403507	78211	11.78	-118.1875	34.0625
SANFRAN1	403513	78214	0.63	-118.5625	34.5625
SALTSPRI	403546	78232	22.38	-120.3125	38.4375
RYAN(MTP	403644	78294	301.62	-111.0625	47.5625
RUSHCREE	403662	78305	4.61	-119.0625	37.6875
RUEDI	403671	78308	23.05	-106.9375	39.3125
ROUNDBUT	403679	78315	102.02	-121.1875	44.6875
ROSS	403693	78320	95.07	-121.1875	48.6875
ROOSEVEL	403702	78325	26.58	-111.1875	33.6875
EXCHEQUE	403720	385578	45.33	-120.3125	37.5625
ROLLINS	403757	385811	31.6	-120.9375	39.0625
SWANFALL	443187	77742	319.07	-116.4375	43.1875
MINIDOKA	445417	75883	264.19	-113.4375	42.6875
MONROEST	445718	75949	196.79	-117.4375	47.6875
BOULDERL	586116	73680	4.23	-105.3125	40.0625
GROSSHYD	586328	74739	4.23	-105.3125	40.0625
IRRICAN	588494	587595	0	-113.0625	49.4375
CASCADEH	588641	587697	46.66	-118.1875	48.9375
ARROWROC	588667	587714	68.92	-115.9375	43.5625
DUNVEGAN	588746	587772	0	-118.5625	55.9375
TIBER	589006	587965	37.84	-111.0625	48.3125
FORRESTK	589115	588038	0	-130.6875	56.8125
UPPERMAM	589172	588075	0	-122.9375	49.8125
RUTHERFO	589196	588090	0	-122.6875	50.3125
KWOIEKCR	589518	588295	0	-121.5625	50.1875
NEWFELT	592993	76127	19.95	-111.1875	43.8125
FTHILLCO	593108	74289	1.37	-104.9375	39.4375
BOULDERC	593114	73284	4.23	-105.3125	40.0625
KEMANO	608077	608076	0	-127.8125	53.6875
ARROWLAK	608091	623245	1173.61	-117.6875	49.3125
HYSTADCR	608094	608093	25.62	-119.1875	52.8125
SPILLIMA	608096	608095	73.34	-116.4375	50.9375
STAVEFAL	608098	608097	0	-122.3125	49.3125
STRATHCO	608101	608100	0	-125.5625	50.0625
WAHLEACH	608104	608103	0	-121.6875	49.3125
WALTERHA	608106	608105	516.74	-118.0625	50.8125
WHATSHAN	608109	608108	616.33	-118.0625	49.8125
PEACECAN	608126	608125	0	-121.9375	56.0625
PUNTLEDG	608129	608128	0	-124.9375	49.6875
REVELSTO	608131	608130	498.22	-118.1875	50.9375
RUSKIN	608136	608135	0	-122.3125	49.3125
SETON	608140	608139	0	-121.8125	50.6875
SEVENMIL	608142	608141	1896.31	-117.5625	49.0625
SHUSWAP	608146	608145	0	-119.1875	50.9375
JOHNHART	608152	608151	0	-125.3125	50.0625
JORDANRI	608159	608158	3.83	-123.9375	48.4375
KOOTENAY	608161	608160	542.02	-117.5625	49.4375
LADOREFA	608166	608165	0	-125.3125	50.0625
LAJOIE	608169	608168	0	-122.8125	50.8125
MICA	608171	608170	335.78	-118.5625	52.0625
BUNTZEN1	608177	608176	0	-122.8125	49.4375
BUNTZEN2	608179	608178	0	-122.8125	49.4375
CHEAKAMU	608182	608181	0	-123.3125	50.0625
CLOWHOM	608185	608184	0	-123.4375	49.8125
ELKO(BC)	608187	608186	184.04	-115.1875	49.1875
FALLSRIV	608190	608189	0	-129.6875	54.0625
GORDONMS	608193	608192	0	-122.1875	56.0625
CORRALIN	608204	608203	542.02	-117.5625	49.4375
SSLOCAN	608206	608205	542.02	-117.5625	49.4375
WANETA	608209	588069	1897.57	-117.6875	48.9375
ABERFELD	608214	608213	124.65	-115.4375	49.4375
ALOUETTE	608217	608216	0	-122.3125	49.3125
ASHRIVER	608219	608218	0	-125.0625	49.4375
BRDGRVR1	608221	608220	0	-122.1875	50.8125
BRDGRVR2	608226	608225	0	-122.6875	50.8125
LBONNING	608238	608237	542.02	-117.5625	49.4375
UBONNING	608242	608241	542.02	-117.5625	49.4375
BRILLIAN	608248	587855	1173.61	-117.6875	49.3125
BIGHORN	608269	608268	0	-116.3125	52.3125
BRAZEAU	608274	608273	0	-115.4375	52.9375
CHINCHUT	608331	608330	0	-112.3125	49.6875
RAYMONDR	608333	608332	0.05	-112.6875	49.3125
TAYLORCH	608384	608383	0	-112.8125	49.4375
DICKSOND	608404	608403	0	-114.0625	52.0625
MEARSHYD	613314	613313	0	-126.1875	49.9375
SPRAY	613727	613726	0	-115.3125	51.1875
THREESIS	613775	613773	0	-115.3125	51.0625
RUNDLE	613783	613779	0	-115.3125	51.1875
POCATERR	613789	613786	0	-115.0625	50.8125
KANANASK	613794	613792	0	-114.9375	51.1875
INTERLAK	613799	613797	1.07	-115.0625	50.5625
HRSSHOE	613803	613801	0	-114.9375	51.1875
GHOST	613813	613812	0	-114.6875	51.3125
CASCADAB	613817	613814	0	-115.3125	51.3125
BEARSPAW	613819	613818	0	-114.1875	51.1875
BARRIER	613823	613822	0	-114.9375	51.0625
OLDMANRI	618216	618215	0	-113.6875	49.6875
MILLERCR	626346	626345	0	-122.6875	50.4375
PINGSTON	628918	588150	498.22	-118.1875	50.9375
MAMQUAMH	629002	629000	0	-123.0625	49.8125
BONECREE	632078	632077	0	-119.1875	52.1875
EASTTOBA	663557	663556	0	-123.9375	50.6875
MNTSCKHY	663560	663559	0	-124.0625	50.6875
JORDANEL	666031	666029	7.46	-111.4375	40.5625
BRANDYWI	676443	676442	0	-123.1875	49.9375
CHINACRE	738003	738002	3.13	-124.5625	49.0625
TIPELLAC	857409	857408	0	-122.0625	49.8125
UPPERFIR	857410	857411	0	-122.3125	49.9375
LAMONTCR	857412	857413	0	-122.3125	49.6875
UPPERSTA	857414	857415	0	-122.3125	49.6875
NWSTAVER	857416	857418	0	-122.4375	49.6875
KOOKIPIC	857527	857526	0	-121.5625	50.0625
LOGCREEK	857529	857525	0	-121.5625	50.0625
GLACIERC	874421	874419	37.07	-116.9375	50.3125
HOWSERCR	874440	874439	32.76	-116.9375	50.4375
GRANBYBA	874447	874445	0	-129.6875	55.5625
UPPERKIT	874451	874450	0	-129.4375	55.6875
FURRYCRE	874660	874657	0	-123.1875	49.6875
MARION3C	874873	874767	0	-125.3125	49.3125
MCNAIRCR	874906	874904	0	-123.4375	49.5625
SOUTHSUT	874910	874908	0	-125.1875	49.3125
DOUGLAHY	875227	875225	0	-122.0625	49.8125
SONGHEES	875237	875230	0	-127.5625	50.8125
MERWIN	879131	75811	122.59	-122.5625	45.9375
MAINCANA	882348	882341	0.59	-119.1875	47.5625
TIETONHY	882396	882392	15.18	-121.0625	46.6875
SKOOKUMC	892343	892341	0	-122.9375	49.8125
RAFFUSEC	892354	892352	0	-122.9375	49.8125
CRAWFORD	892357	892355	0	-122.9375	49.8125
SERPENTI	913599	913597	0	-119.1875	52.1875
ENGLISHC	913602	913600	498.22	-118.1875	50.9375
CYPRESSC	918093	918091	0	-126.0625	49.9375
UPPERTOB	1128667	1128657	0	-123.9375	50.8125
ASHLUCRE	1136907	1136905	0	-123.3125	50.1875
LOWERCLO	1148681	1148679	0	-123.3125	49.8125
UPPERCLO	1148684	1148682	0	-123.3125	49.9375
FIRECREE	1149421	1149418	0	-122.1875	49.8125
STOKKECR	1149427	1149425	0	-121.9375	49.8125
TAMIHICR	1164450	1164448	0	-121.9375	49.1875
FITZSIMM	1197517	1197509	0	-122.9375	50.1875
CLARYCRE	1311013	1311010	0	-129.4375	55.5625
KELSKIIS	1311019	1311014	0	-129.8125	55.0625
GWUNYACR	1311084	1311081	0	-129.4375	55.5625
UPPERILL	1311087	1311085	0	-129.4375	55.5625
CANOECRE	1313149	1313147	0	-125.1875	49.0625
